186,52
186,51
186,50
186,49
186,48
186,47
186,46
186,45
186,44
186,43
186,42
186,41
186,40
186,39
186,38
186,37
186,36
186,35
0,551
200,5
200,4
200,3
200,2
200,1
200,0
199,4
199,3
199,2
199,1
199,0
198,3
198,2
198,1
198,0
197,4
197,3
197,2
197,1
197,0
196,3
196,2
196,1
196,0
195,4
195,3
195,2
195,1
195,0
194,3
194,2
194,1
194,0
193,3
193,2
193,1
193,0
192,3
192,2
192,1
192,0
191,5
191,4
191,3
191,2
191,1
191,0
190,4
190,3
190,2
190,1
190,0
189,3
189,2
189,1
189,0
0,550
188,4
188,3
188,2
188,1
188,0
187,3
187,2
187,1
187,0
161,4
161,2
161,0
168,2
168,0
164,0
162,2
162,0
162,1
162,3
173,0
0,549
170,0
160,2
160,0
0,548
163,4
163,2
163,0
165,0
0,547
0,278
0,9
166,2
166,0
0,546
0,472
0,273
0,270
3,2
3,1
3,3
10,68
10,212
10,116
10,140
10,70
10,272
10,14
10,3
9,4
9,6
8,8
8,6
8,4
8,13
8,14
8,2
8,3
2,2
2,1
2,3
173,5
173,4
173,3
173,2
173,1
170,4
170,3
170,2
170,1
168,4
